trt id visit score
1 1 1 20
1 1 2 15
1 1 3 14
1 1 4 13
1 1 5 13
1 2 1 14
1 2 2 12
1 2 3 12
1 2 4 10
1 2 5 10
1 3 1 7
1 3 2 5
1 3 3 5
1 3 4 6
1 3 5 5
1 4 1 6
1 4 2 10
1 4 3 9
1 4 4 8
1 4 5 7
1 5 1 9
1 5 2 7
1 5 3 9
1 5 4 5
1 5 5 4
1 6 1 9
1 6 2 9
1 6 3 9
1 6 4 11
1 6 5 8
1 7 1 7
1 7 2 3
1 7 3 7
1 7 4 6
1 7 5 5
1 8 1 18
1 8 2 17
1 8 3 16
1 8 4 14
1 8 5 12
1 9 1 6
1 9 2 9
1 9 3 9
1 9 4 9
1 9 5 9
1 10 1 10
1 10 2 15
1 10 3 12
1 10 4 12
1 10 5 11
1 11 1 5
1 11 2 9
1 11 3 7
1 11 4 3
1 11 5 5
1 12 1 11
1 12 2 11
1 12 3 8
1 12 4 8
1 12 5 9
1 13 1 10
1 13 2 2
1 13 3 9
1 13 4 3
1 13 5 5
1 14 1 17
1 14 2 12
1 14 3 14
1 14 4 10
1 14 5 9
1 15 1 16
1 15 2 15
1 15 3 12
1 15 4 7
1 15 5 9
1 16 1 7
1 16 2 10
1 16 3 4
1 16 4 7
1 16 5 5
1 17 1 5
1 17 2 0
1 17 3 5
1 17 4 0
1 17 5 0
1 18 1 16
1 18 2 7
1 18 3 7
1 18 4 6
1 18 5 4
1 19 1 2
1 19 2 1
1 19 3 1
1 19 4 2
1 19 5 2
1 20 1 7
1 20 2 11
1 20 3 7
1 20 4 5
1 20 5 8
1 21 1 9
1 21 2 16
1 21 3 14
1 21 4 10
1 21 5 6
1 22 1 2
1 22 2 5
1 22 3 6
1 22 4 7
1 22 5 6
1 23 1 7
1 23 2 3
1 23 3 5
1 23 4 5
1 23 5 5
1 24 1 19
1 24 2 13
1 24 3 14
1 24 4 12
1 24 5 10
1 25 1 7
1 25 2 5
1 25 3 8
1 25 4 8
1 25 5 6
2 26 1 9
2 26 2 12
2 26 3 16
2 26 4 17
2 26 5 18
2 27 1 6
2 27 2 7
2 27 3 10
2 27 4 15
2 27 5 16
2 28 1 13
2 28 2 18
2 28 3 14
2 28 4 21
2 28 5 21
2 29 1 9
2 29 2 10
2 29 3 12
2 29 4 14
2 29 5 15
2 30 1 6
2 30 2 7
2 30 3 8
2 30 4 9
2 30 5 12
2 31 1 11
2 31 2 11
2 31 3 12
2 31 4 14
2 31 5 16
2 32 1 7
2 32 2 10
2 32 3 11
2 32 4 12
2 32 5 14
2 33 1 8
2 33 2 18
2 33 3 19
2 33 4 19
2 33 5 22
2 34 1 3
2 34 2 3
2 34 3 3
2 34 4 7
2 34 5 8
2 35 1 4
2 35 2 10
2 35 3 11
2 35 4 17
2 35 5 18
2 36 1 11
2 36 2 10
2 36 3 10
2 36 4 15
2 36 5 16
2 37 1 1
2 37 2 3
2 37 3 2
2 37 4 4
2 37 5 5
2 38 1 6
2 38 2 7
2 38 3 7
2 38 4 9
2 38 5 10
2 39 1 0
2 39 2 3
2 39 3 3
2 39 4 4
2 39 5 6
2 40 1 18
2 40 2 18
2 40 3 19
2 40 4 22
2 40 5 22
2 41 1 15
2 41 2 15
2 41 3 15
2 41 4 18
2 41 5 19
2 42 1 10
2 42 2 14
2 42 3 16
2 42 4 17
2 42 5 19
2 43 1 6
2 43 2 6
2 43 3 7
2 43 4 9
2 43 5 10
2 44 1 9
2 44 2 9
2 44 3 13
2 44 4 16
2 44 5 20
2 45 1 4
2 45 2 3
2 45 3 4
2 45 4 7
2 45 5 9
2 46 1 4
2 46 2 13
2 46 3 13
2 46 4 16
2 46 5 19
2 47 1 10
2 47 2 11
2 47 3 13
2 47 4 17
2 47 5 21
