patient	time	trt	seizure	base	lbase
1	1	0	5	11	2.3979
1	2	0	3	11	2.3979
1	3	0	3	11	2.3979
1	4	0	3	11	2.3979
2	1	0	3	11	2.3979
2	2	0	5	11	2.3979
2	3	0	3	11	2.3979
2	4	0	3	11	2.3979
3	1	0	2	6	1.79176
3	2	0	4	6	1.79176
3	3	0	0	6	1.79176
3	4	0	5	6	1.79176
4	1	0	4	8	2.07944
4	2	0	4	8	2.07944
4	3	0	1	8	2.07944
4	4	0	4	8	2.07944
5	1	0	7	66	4.18965
5	2	0	18	66	4.18965
5	3	0	9	66	4.18965
5	4	0	21	66	4.18965
6	1	0	5	27	3.29584
6	2	0	2	27	3.29584
6	3	0	8	27	3.29584
6	4	0	7	27	3.29584
7	1	0	6	12	2.48491
7	2	0	4	12	2.48491
7	3	0	0	12	2.48491
7	4	0	2	12	2.48491
8	1	0	40	52	3.95124
8	2	0	20	52	3.95124
8	3	0	21	52	3.95124
8	4	0	12	52	3.95124
9	1	0	5	23	3.13549
9	2	0	6	23	3.13549
9	3	0	6	23	3.13549
9	4	0	5	23	3.13549
10	1	0	14	10	2.30259
10	2	0	13	10	2.30259
10	3	0	6	10	2.30259
10	4	0	0	10	2.30259
11	1	0	26	52	3.95124
11	2	0	12	52	3.95124
11	3	0	6	52	3.95124
11	4	0	22	52	3.95124
12	1	0	12	33	3.49651
12	2	0	6	33	3.49651
12	3	0	8	33	3.49651
12	4	0	4	33	3.49651
13	1	0	4	18	2.89037
13	2	0	4	18	2.89037
13	3	0	6	18	2.89037
13	4	0	2	18	2.89037
14	1	0	7	42	3.73767
14	2	0	9	42	3.73767
14	3	0	12	42	3.73767
14	4	0	14	42	3.73767
15	1	0	16	87	4.46591
15	2	0	24	87	4.46591
15	3	0	10	87	4.46591
15	4	0	9	87	4.46591
16	1	0	11	50	3.91202
16	2	0	0	50	3.91202
16	3	0	0	50	3.91202
16	4	0	5	50	3.91202
17	1	0	0	18	2.89037
17	2	0	0	18	2.89037
17	3	0	3	18	2.89037
17	4	0	3	18	2.89037
18	1	0	37	111	4.70953
18	2	0	29	111	4.70953
18	3	0	28	111	4.70953
18	4	0	29	111	4.70953
19	1	0	3	18	2.89037
19	2	0	5	18	2.89037
19	3	0	2	18	2.89037
19	4	0	5	18	2.89037
20	1	0	3	20	2.99573
20	2	0	0	20	2.99573
20	3	0	6	20	2.99573
20	4	0	7	20	2.99573
21	1	0	3	12	2.48491
21	2	0	4	12	2.48491
21	3	0	3	12	2.48491
21	4	0	4	12	2.48491
22	1	0	3	9	2.19722
22	2	0	4	9	2.19722
22	3	0	3	9	2.19722
22	4	0	4	9	2.19722
23	1	0	2	17	2.83321
23	2	0	3	17	2.83321
23	3	0	3	17	2.83321
23	4	0	5	17	2.83321
24	1	0	8	28	3.3322
24	2	0	12	28	3.3322
24	3	0	2	28	3.3322
24	4	0	8	28	3.3322
25	1	0	18	55	4.00733
25	2	0	24	55	4.00733
25	3	0	76	55	4.00733
25	4	0	25	55	4.00733
26	1	0	2	9	2.19722
26	2	0	1	9	2.19722
26	3	0	2	9	2.19722
26	4	0	1	9	2.19722
27	1	0	3	10	2.30259
27	2	0	1	10	2.30259
27	3	0	4	10	2.30259
27	4	0	2	10	2.30259
28	1	0	13	47	3.85015
28	2	0	15	47	3.85015
28	3	0	13	47	3.85015
28	4	0	12	47	3.85015
29	1	1	11	76	4.33073
29	2	1	14	76	4.33073
29	3	1	9	76	4.33073
29	4	1	8	76	4.33073
30	1	1	8	38	3.63759
30	2	1	7	38	3.63759
30	3	1	9	38	3.63759
30	4	1	4	38	3.63759
31	1	1	0	19	2.94444
31	2	1	4	19	2.94444
31	3	1	3	19	2.94444
31	4	1	0	19	2.94444
32	1	1	3	10	2.30259
32	2	1	6	10	2.30259
32	3	1	1	10	2.30259
32	4	1	3	10	2.30259
33	1	1	2	19	2.94444
33	2	1	6	19	2.94444
33	3	1	7	19	2.94444
33	4	1	4	19	2.94444
34	1	1	4	24	3.17805
34	2	1	3	24	3.17805
34	3	1	1	24	3.17805
34	4	1	3	24	3.17805
35	1	1	22	31	3.43399
35	2	1	17	31	3.43399
35	3	1	19	31	3.43399
35	4	1	16	31	3.43399
36	1	1	5	14	2.63906
36	2	1	4	14	2.63906
36	3	1	7	14	2.63906
36	4	1	4	14	2.63906
37	1	1	2	11	2.3979
37	2	1	4	11	2.3979
37	3	1	0	11	2.3979
37	4	1	4	11	2.3979
38	1	1	3	67	4.20469
38	2	1	7	67	4.20469
38	3	1	7	67	4.20469
38	4	1	7	67	4.20469
39	1	1	4	41	3.71357
39	2	1	18	41	3.71357
39	3	1	2	41	3.71357
39	4	1	5	41	3.71357
40	1	1	2	7	1.94591
40	2	1	1	7	1.94591
40	3	1	1	7	1.94591
40	4	1	0	7	1.94591
41	1	1	0	22	3.09104
41	2	1	2	22	3.09104
41	3	1	4	22	3.09104
41	4	1	0	22	3.09104
42	1	1	5	13	2.56495
42	2	1	4	13	2.56495
42	3	1	0	13	2.56495
42	4	1	3	13	2.56495
43	1	1	11	46	3.82864
43	2	1	14	46	3.82864
43	3	1	25	46	3.82864
43	4	1	15	46	3.82864
44	1	1	10	36	3.58352
44	2	1	5	36	3.58352
44	3	1	3	36	3.58352
44	4	1	8	36	3.58352
45	1	1	19	38	3.63759
45	2	1	7	38	3.63759
45	3	1	6	38	3.63759
45	4	1	7	38	3.63759
46	1	1	1	7	1.94591
46	2	1	1	7	1.94591
46	3	1	2	7	1.94591
46	4	1	3	7	1.94591
47	1	1	6	36	3.58352
47	2	1	10	36	3.58352
47	3	1	8	36	3.58352
47	4	1	8	36	3.58352
48	1	1	2	11	2.3979
48	2	1	1	11	2.3979
48	3	1	0	11	2.3979
48	4	1	0	11	2.3979
49	1	1	102	151	5.01728
49	2	1	65	151	5.01728
49	3	1	72	151	5.01728
49	4	1	63	151	5.01728
50	1	1	4	22	3.09104
50	2	1	3	22	3.09104
50	3	1	2	22	3.09104
50	4	1	4	22	3.09104
51	1	1	8	41	3.71357
51	2	1	6	41	3.71357
51	3	1	5	41	3.71357
51	4	1	7	41	3.71357
52	1	1	1	32	3.46574
52	2	1	3	32	3.46574
52	3	1	1	32	3.46574
52	4	1	5	32	3.46574
53	1	1	18	56	4.02535
53	2	1	11	56	4.02535
53	3	1	28	56	4.02535
53	4	1	13	56	4.02535
54	1	1	6	24	3.17805
54	2	1	3	24	3.17805
54	3	1	4	24	3.17805
54	4	1	0	24	3.17805
55	1	1	3	16	2.77259
55	2	1	5	16	2.77259
55	3	1	4	16	2.77259
55	4	1	3	16	2.77259
56	1	1	1	22	3.09104
56	2	1	23	22	3.09104
56	3	1	19	22	3.09104
56	4	1	8	22	3.09104
57	1	1	2	25	3.21888
57	2	1	3	25	3.21888
57	3	1	0	25	3.21888
57	4	1	1	25	3.21888
58	1	1	0	13	2.56495
58	2	1	0	13	2.56495
58	3	1	0	13	2.56495
58	4	1	0	13	2.56495
59	1	1	1	12	2.48491
59	2	1	4	12	2.48491
59	3	1	3	12	2.48491
59	4	1	2	12	2.48491