indiv		dam	sire	rdm	rv	rad	srl	srsa
1		L003	L006	1.7	21.1	0.65	3492.76	732.07
2		L003	L008	2.04	24.37	0.75	2357.69	615.34
3		L003	L014	1.58	19.43	0.66	3638.37	745.52
4		L003	L015	1.47	17.75	0.67	3509.88	711.52
5		L003	L018	1.6	22.73	0.7	3746.31	844.68
6		L003	L023	1.23	17.86	0.66	4936.65	964.54
7		L003	L026	1.83	22.77	0.73	2615.36	649.51
8		L003	L032	1.84	24.74	0.75	2853.39	716.85
9		L003	L034	1.35	16.91	0.66	3505.2	727.47
10		L003	L041	1.73	22.52	0.68	3585.07	767.99
11		L003	L047	1.38	18.84	0.7	3572.14	795.85
12		L003	L049	1.39	17.27	0.63	4058.01	788.34
13		L003	L052	1.51	19.71	0.7	3465.37	767.39
14		L006	L008	1.38	20.17	0.72	3650.39	824.33
15		L006	L011	1.33	18.23	0.66	4117.35	857.45
16		L006	L014	1.28	18.43	0.68	4078.75	869.7
17		L006	L015	1.8	20.37	0.69	2817.39	631.27
18		L006	L023	1.62	21.86	0.69	3646.09	796.09
19		L006	L026	1.48	19.49	0.65	4472.4	861.25
20		L006	L038	1.58	19.78	0.72	2728.97	657.76
21		L006	L047	1.31	17.58	0.66	4044.07	826.2
22		L006	L049	1.32	17.99	0.67	4078.88	841.82
23		L006	L052	1.64	21.96	0.69	3455.45	770.67
24		L008	L011	1.47	21.04	0.68	4117.25	875.74
25		L008	L015	1.54	19.72	0.71	2880.38	677.41
26		L008	L018	1.75	24.13	0.71	3505.05	803.26
27		L008	L023	1.14	16.01	0.66	4326.81	880.17
28		L008	L026	1.36	16.95	0.64	4156.7	801.64
29		L008	L032	1.2	18.66	0.68	4778.72	1017.09
30		L008	L034	2.06	24.38	0.75	2432.55	609.79
31		L008	L041	1.03	13.92	0.63	4936.69	930.15
32		L008	L047	1.69	23.31	0.69	3565.32	786.59
33		L008	L048	1.4	17.92	0.62	4186.42	804.26
34		L008	L049	1.22	15.22	0.65	4126.15	827.35
35		L008	L052	1.51	21.36	0.77	2969.62	752.04
36		L008	L056	1.2	16.22	0.67	4106.15	827.91
37		L011	L014	1.34	18.07	0.65	4239.51	846.7
38		L011	L015	1.87	23.98	0.69	3148.1	713.78
39		L011	L018	1.64	22.86	0.68	4092.89	854.7
40		L011	L023	1.45	22.27	0.7	4124.19	915.93
41		L011	L026	1.32	18.34	0.68	4074.17	867.99
42		L011	L032	2	27.23	0.69	3986.38	868.64
43		L011	L034	1.53	21.86	0.68	4097.26	870.33
44		L011	L038	1.69	22.42	0.71	3181.83	741.72
45		L011	L047	1.04	15.21	0.62	5385.28	1011.11
46		L011	L056	1.11	14.94	0.63	4811.65	922.43
47		L014	L015	1.71	19.44	0.68	3013.7	649.85
48		L014	L018	1.89	24.62	0.72	3021.39	711.2
49		L014	L023	1.09	16.74	0.66	5122.87	1036.94
50		L014	L026	1.67	20.09	0.67	3398.31	727.07
51		L014	L032	1.24	18.73	0.71	3884.26	877.55
52		L014	L034	0.99	14.31	0.63	4970.5	936.41
53		L014	L038	1.55	22.77	0.74	3349.94	790.45
54		L014	L041	1.54	18.97	0.64	3760.37	749.6
55		L014	L047	1.3	18.69	0.69	3770.87	820.78
56		L014	L048	1.3	15.43	0.57	3854.11	900.19
57		L014	L049	0.49	8.7	0.57	5333.34	1005.78
58		L014	L056	1.4	19.94	0.69	3914.88	842.68
59		L015	L018	1.65	19.96	0.69	3017.32	661.88
60		L015	L023	1.6	20.96	0.66	4144.38	823.27
61		L015	L032	1.71	20.15	0.71	2808.22	648.57
62		L015	L034	1.36	16.86	0.64	4167.24	810.28
63		L015	L038	1.52	19.01	0.66	3618.62	756.73
64		L015	L041	1.26	15.52	0.65	3725.68	748.66
65		L015	L047	1.33	17.46	0.65	4050.87	813.33
66		L015	L052	1.54	18.75	0.7	2976.62	672.59
67		L015	L055	1.11	15.65	0.6	5748.94	1041.16
68		L015	L056	1.45	16.84	0.67	3189.21	682.27
69		L018	L023	1.35	20.06	0.64	4913.91	967.31
70		L018	L032	1.65	26.34	0.76	2957.24	728.86
71		L018	L038	2.08	27.41	0.78	2473	662.5
72		L018	L041	1.61	22.88	0.69	3923.7	859.68
73		L018	L055	1.62	22.36	0.67	4343.13	901.4
74		L018	L056	1.3	18.17	0.64	4981.05	938.31
75		L023	L026	1.9	24.53	0.7	3717.02	795.05
76		L023	L032	1.74	26.39	0.73	3667.38	840.7
77		L023	L034	1.27	21.22	0.7	4922.15	1014.41
78		L023	L038	1.67	24.11	0.7	4115.9	874.08
79		L023	L041	1.28	19.24	0.62	5222.11	987.87
80		L023	L047	1.39	19.16	0.68	4116.6	878.28
81		L023	L048	1.22	17.06	0.64	4614.7	915.91
82		L023	L049	1.36	17.87	0.67	4310.44	848.47
83		L023	L055	1.32	20.6	0.65	5519.08	1098.49
84		L023	L056	1.43	18.02	0.6	4825.71	877.43
85		L026	L032	1.34	18.54	0.68	4247.41	873.97
86		L026	L038	1.33	18.76	0.69	3732.13	814.83
87		L026	L047	1.47	22.86	0.71	4246.83	914.37
88		L032	L034	2.03	25.71	0.72	3644.59	818.1
89		L032	L038	1.74	22.13	0.72	3083.76	727.5
90		L032	L047	1.65	22.62	0.67	3982.29	846.17
91		L032	L052	1.45	18.94	0.67	3854.36	817.83
92		L034	L041	1.44	18.15	0.65	3765.75	767.45
93		L034	L047	1.49	20	0.71	3747.17	810.05
94		L034	L049	1.59	17.94	0.65	3290.47	673.42
95		L034	L052	1.56	22.49	0.72	3581.56	809.14
96		L034	L055	1.57	20.12	0.64	4082.25	811.11
97		L034	L056	1.35	18.59	0.66	3956.47	823.27
98		L038	L047	1.07	16.01	0.68	4308.39	902.51
99		L038	L049	1.26	15.11	0.65	3641.81	741.72
100		L038	L052	1.34	18.94	0.69	4141.5	862.17
101		L038	L055	1.56	21.96	0.71	3514.92	805.17
102		L038	L056	1.7	20.02	0.69	2929.53	657.51
103		L041	L047	1.29	16.98	0.59	5367.81	937.99
104		L041	L049	1.18	15.55	0.66	4190.95	842.16
105		L041	L056	1.29	15.43	0.62	3931.4	751.09
106		L047	L048	1.46	19.26	0.63	4359.83	846.56
107		L047	L052	1.36	18.34	0.68	3823.83	803.7
108		L047	L055	1.33	17.42	0.55	6352.01	1027.81
109		L047	L056	1.32	15.99	0.63	4130.4	788.46
110		L048	L049	0.98	12.36	0.62	4253.34	804.32
111		L048	L052	1.88	20.58	0.68	2585.44	585.85
112		L048	L055	1.3	15.91	0.62	4158.65	794.56
113		L048	L056	1.27	17.3	0.63	4724.06	887.4
114		L049	L052	1.85	22.54	0.73	2551.4	622.56
115		L049	L056	1.28	16.14	0.64	3778.89	766.01
116		L052	L055	1.54	19.31	0.65	3752.22	764.8
117		L052	L056	1.42	18.35	0.66	3712.35	773.49
118		L055	L056	1.46	18.8	0.61	4609.93	855.72
